375 201324156-01 0 0 2 2
376 201324157-01 0 0 2 2
377 201324158-01 0 0 2 2
378 201324159-01 0 0 2 2
379 201324160-01 0 0 2 2
380 201324161-01 0 0 2 2
381 201324162-01 0 0 2 2
382 201324163-01 0 0 2 2
383 201324164-01 0 0 1 2
384 201324165-01 0 0 1 2
385 201324166-01 0 0 2 2
386 201324167-01 0 0 1 2
387 201324168-01 0 0 2 2
388 201324169-01 0 0 1 2
389 201324170-01 0 0 1 2
390 201324171-01 0 0 2 2
391 201324172-01 0 0 2 2
392 201324173-01 0 0 2 2
393 201324174-01 0 0 1 2
394 201324175-01 0 0 2 2
395 201324176-01 0 0 2 2
396 201324177-01 0 0 2 2
397 201324178-01 0 0 2 2
398 201324179-01 0 0 1 2
400 201324181-01 0 0 2 2
401 201324182-01 0 0 2 2
402 201324183-01 0 0 2 2
403 201324184-01 0 0 2 2
404 201324185-01 0 0 2 2
405 201324186-01 0 0 1 2
406 201324187-01 0 0 2 2
407 201324188-01 0 0 2 2
408 201324189-01 0 0 2 2
409 201324190-01 0 0 2 2
410 201324191-01 0 0 2 2
411 201324192-01 0 0 2 2
412 201324193-01 0 0 2 2
413 201324194-01 0 0 2 2
414 201324195-01 0 0 2 2
415 201324196-01 0 0 2 2
416 201324197-01 0 0 2 2
417 201324198-01 0 0 2 2
418 201324199-01 0 0 1 2
419 201324200-01 0 0 2 2
420 201324201-01 0 0 2 2
421 201324202-01 0 0 2 2
422 201324203-01 0 0 2 2
423 201324204-01 0 0 2 2
424 201324205-01 0 0 2 2
425 201324206-01 0 0 2 2
426 201324207-01 0 0 2 2
427 201324208-01 0 0 2 2
428 201324209-01 0 0 2 2
429 201324210-01 0 0 2 2
430 201324211-01 0 0 1 2
431 200720068-582_pE 0 0 1 -9
432 201324212-01 0 0 2 2
433 201324213-01 0 0 2 2
434 201324214-01 0 0 2 2
435 201324215-01 0 0 2 2
436 201324216-01 0 0 2 2
437 201324217-01 0 0 2 2
438 201324218-01 0 0 2 2
439 201324219-01 0 0 2 2
440 201324220-01 0 0 2 2
441 201324221-01 0 0 2 2
442 201324222-01 0 0 2 2
443 201324223-01 0 0 2 2
444 201324224-01 0 0 1 2
445 201324225-01 0 0 2 2
446 201324226-01 0 0 2 2
447 201324227-01 0 0 2 2
448 201324228-01 0 0 1 2
449 201324229-01 0 0 1 2
450 201324230-01 0 0 1 2
451 201324231-01 0 0 2 2
452 201324232-01 0 0 1 2
453 201324233-01 0 0 2 2
454 201324234-01 0 0 2 2
455 201324235-01 0 0 1 2
456 201324236-01 0 0 2 2
457 201324237-01 0 0 1 2
458 201324238-01 0 0 2 2
460 201324240-01 0 0 1 2
461 201324241-01 0 0 1 2
462 201324242-01 0 0 2 2
463 201324243-01 0 0 2 2
464 201324244-01 0 0 2 2
465 201324245-01 0 0 2 2
466 201324246-01 0 0 2 2
467 201324247-01 0 0 2 2
468 201324248-01 0 0 1 2
469 201324249-01 0 0 1 2
470 201324250-01 0 0 2 2
471 201324251-01 0 0 1 2
472 201324252-01 0 0 2 2
473 201324253-01 0 0 2 2
474 201324254-01 0 0 2 2
475 201324255-01 0 0 1 2
476 201324256-01 0 0 2 2
477 201324257-01 0 0 2 2
478 201324258-01 0 0 2 2
479 201324259-01 0 0 1 2
480 201324260-01 0 0 1 2
481 201324261-01 0 0 2 2
482 201324262-01 0 0 1 2
483 201324263-01 0 0 2 2
484 201324264-01 0 0 2 2
485 201324265-01 0 0 2 2
486 201324266-01 0 0 2 2
487 201324267-01 0 0 2 2
488 201324268-01 0 0 2 2
489 201324269-01 0 0 2 2
490 201324270-01 0 0 2 2
491 201324271-01 0 0 2 2
492 201324272-01 0 0 1 2
493 201324273-01 0 0 2 2
494 201324274-01 0 0 1 2
495 201324275-01 0 0 2 2
496 201324276-01 0 0 2 2
497 201324277-01 0 0 2 2
498 201324278-01 0 0 2 2
499 201324280-01 0 0 2 2
500 201324281-01 0 0 1 2
501 201324282-01 0 0 1 2
502 201324283-01 0 0 1 2
503 201324284-01 0 0 2 2
504 201324285-01 0 0 2 2
505 201324286-01 0 0 2 2
506 201324287-01 0 0 1 2
507 201324288-01 0 0 2 2
508 201324289-01 0 0 2 2
509 201324290-01 0 0 2 2
510 201324291-01 0 0 2 2
511 201324292-01 0 0 2 2
512 201324293-01 0 0 1 2
513 201324294-01 0 0 2 2
514 201324295-01 0 0 2 2
515 201324296-01 0 0 1 2
516 201324297-01 0 0 2 2
517 201324298-01 0 0 2 2
518 201324299-01 0 0 1 2
519 201324300-01 0 0 1 2
520 201324301-01 0 0 2 2
521 201324302-01 0 0 1 2
522 201324303-01 0 0 1 2
523 201324304-01 0 0 2 2
524 201324305-01 0 0 1 2
525 201324306-01 0 0 2 2
526 201324307-01 0 0 2 2
527 201324308-01 0 0 1 2
528 201324309-01 0 0 2 2
529 201324310-01 0 0 2 2
530 201324311-01 0 0 2 2
531 201324312-01 0 0 2 2
532 201324313-01 0 0 2 2
533 201324314-01 0 0 2 2
534 201324315-01 0 0 1 2
535 201324316-01 0 0 2 2
