1 201327096-01 0 0 1 2
2 201327343-01 0 0 2 2
3 201327024-01 0 0 2 2
4 201327182-01 0 0 2 2
5 201327213-01 0 0 2 2
6 201327315-01 0 0 2 -9
7 201326973-01 0 0 2 2
8 201327188-01 0 0 1 2
9 201327044-01 0 0 2 2
10 201327290-01 0 0 1 2
11 201327130-01 0 0 2 2
12 201327199-01 0 0 1 2
13 201327231-01 0 0 2 2
14 201327317-01 0 0 1 2
15 201327281-01 0 0 2 -9
16 201327233-01 0 0 1 2
17 201327104-01 0 0 1 2
18 201327241-01 0 0 2 2
19 201327150-01 0 0 2 2
20 201327225-01 0 0 2 2
21 201327037-01 0 0 2 2
22 201327133-01 0 0 2 2
23 201327091-01 0 0 1 2
24 201327093-01 0 0 1 2
25 201327092-01 0 0 1 2
26 201327023-01 0 0 1 2
27 201327088-01 0 0 2 2
28 201327160-01 0 0 2 2
29 201327217-01 0 0 2 2
30 201327116-01 0 0 1 2
31 201327102-01 0 0 2 2
32 201327223-01 0 0 2 2
33 201327177-01 0 0 2 2
34 201327055-01 0 0 2 2
35 201327038-01 0 0 1 2
36 201327280-01 0 0 2 -9
37 201327201-01 0 0 2 2
38 201327166-01 0 0 1 2
39 201327338-01 0 0 2 2
40 201327103-01 0 0 2 2
41 201326985-01 0 0 2 2
42 201327112-01 0 0 2 2
43 201327080-01 0 0 2 2
44 201327022-01 0 0 2 2
45 201327087-01 0 0 2 2
46 201327029-01 0 0 2 2
47 200720068-582_pA 0 0 1 -9
48 201327035-01 0 0 2 2
49 201327033-01 0 0 2 2
50 201327131-01 0 0 2 2
51 201327157-01 0 0 2 2
52 201327267-01 0 0 2 -9
53 201327008-01 0 0 1 2
54 201326998-01 0 0 2 2
55 201327161-01 0 0 2 2
56 201327028-01 0 0 1 2
57 201327081-01 0 0 1 2
58 201326980-01 0 0 1 2
59 201326987-01 0 0 1 2
60 201327190-01 0 0 1 2
61 201327254-01 0 0 2 2
62 201326969-01 0 0 2 2
63 201327289-01 0 0 1 -9
64 201327098-01 0 0 1 2
65 201327001-01 0 0 1 2
66 201327124-01 0 0 1 2
67 201327073-01 0 0 2 2
68 201327043-01 0 0 2 2
69 201327234-01 0 0 2 2
70 201327248-01 0 0 2 2
71 201327018-01 0 0 2 2
72 201327279-01 0 0 1 -9
73 201327228-01 0 0 2 2
74 201327119-01 0 0 2 2
75 201327170-01 0 0 1 2
76 201327236-01 0 0 2 2
77 201327165-01 0 0 2 2
78 201327041-01 0 0 1 2
79 201327265-01 0 0 2 -9
80 201326979-01 0 0 2 2
81 201327139-01 0 0 2 2
82 201327079-01 0 0 2 2
83 201327214-01 0 0 1 2
84 201327158-01 0 0 1 2
85 201326972-01 0 0 2 2
86 201327292-01 0 0 2 -9
87 201327332-01 0 0 1 -9
88 201327269-01 0 0 1 -9
89 201327299-01 0 0 2 -9
90 201327260-01 0 0 2 -9
91 201327339-01 0 0 1 2
92 201327316-01 0 0 1 -9
93 201327319-01 0 0 2 -9
94 201327276-01 0 0 2 -9
95 201327282-01 0 0 1 -9
96 201327298-01 0 0 2 -9
97 201327274-01 0 0 1 -9
98 201326967-01 0 0 2 2
99 201327333-01 0 0 1 -9
100 201327294-01 0 0 1 -9
101 201327277-01 0 0 2 -9
102 201327275-01 0 0 2 -9
103 201327285-01 0 0 2 -9
104 201327204-01 0 0 2 2
105 201327169-01 0 0 1 2
106 201327137-01 0 0 2 2
107 201327251-01 0 0 1 2
108 201327180-01 0 0 2 2
109 201326971-01 0 0 1 2
110 201327042-01 0 0 2 2
111 201327255-01 0 0 2 2
112 201327171-01 0 0 2 2
113 201327045-01 0 0 2 2
114 201327259-01 0 0 2 2
115 201327009-01 0 0 2 2
116 201327134-01 0 0 1 2
117 201327297-01 0 0 2 -9
118 201327244-01 0 0 2 2
119 201327105-01 0 0 2 2
120 201326992-01 0 0 2 2
121 201327164-01 0 0 2 2
122 201327237-01 0 0 1 2
123 201327202-01 0 0 2 2
124 201327068-01 0 0 2 2
125 201327017-01 0 0 1 2
126 201327247-01 0 0 2 2
127 201327021-01 0 0 2 2
128 201327003-01 0 0 2 2
129 201327125-01 0 0 2 2
130 201327215-01 0 0 2 2
131 201327034-01 0 0 2 2
132 201327210-01 0 0 2 2
133 201327040-01 0 0 2 2
134 201327004-01 0 0 2 2
135 201327313-01 0 0 2 -9
136 201327011-01 0 0 1 2
137 201327208-01 0 0 1 2
138 201327153-01 0 0 1 2
139 201327000-01 0 0 2 2
140 201327071-01 0 0 2 2
141 201327089-01 0 0 2 2
142 201327135-01 0 0 2 2
143 200720068-582_pB 0 0 1 -9
144 201327238-01 0 0 2 2
145 201326966-01 0 0 1 2
146 201327207-01 0 0 2 2
147 201326976-01 0 0 2 2
148 201327151-01 0 0 1 2
149 201327334-01 0 0 2 2
150 201327336-01 0 0 2 2
151 201327226-01 0 0 2 2
152 201327222-01 0 0 2 2
153 201327219-01 0 0 2 2
154 201327306-01 0 0 1 2
155 201327175-01 0 0 1 2
156 201327057-01 0 0 2 2
157 201327220-01 0 0 1 2
158 201327221-01 0 0 1 2
159 201327224-01 0 0 1 2
160 201327107-01 0 0 2 2
161 201327120-01 0 0 2 2
162 201327321-01 0 0 2 2
163 201327056-01 0 0 2 2
164 201326990-01 0 0 2 2
165 201327344-01 0 0 1 2
166 201327162-01 0 0 1 2
167 201327262-01 0 0 1 -9
168 201327123-01 0 0 1 2
169 201327154-01 0 0 1 2
170 201326991-01 0 0 1 2
171 201327159-01 0 0 2 2
172 201327168-01 0 0 1 2
173 201327127-01 0 0 2 2
174 201327229-01 0 0 2 2
175 201326975-01 0 0 1 2
176 201327026-01 0 0 2 2
177 201327257-01 0 0 2 2
178 201327337-01 0 0 2 2
179 201327197-01 0 0 2 2
180 201327328-01 0 0 1 2
181 201327072-01 0 0 2 2
182 201327187-01 0 0 2 2
183 201327076-01 0 0 2 2
184 201327083-01 0 0 2 2
185 201327311-01 0 0 1 -9
186 201327278-01 0 0 1 -9
187 201327283-01 0 0 1 -9
188 201327291-01 0 0 2 2
189 201327268-01 0 0 1 -9
190 201327266-01 0 0 2 -9
191 201327270-01 0 0 2 -9
192 201327331-01 0 0 2 -9
193 201327320-01 0 0 1 -9
194 201327284-01 0 0 1 -9
195 201327327-01 0 0 2 -9
196 201327342-01 0 0 2 2
197 201327322-01 0 0 1 -9
198 201327323-01 0 0 1 -9
199 201327309-01 0 0 1 -9
200 201327329-01 0 0 1 -9
201 201327314-01 0 0 2 -9
202 201327077-01 0 0 1 2
203 201326974-01 0 0 1 2
204 201327067-01 0 0 2 2
205 201327085-01 0 0 2 2
206 201327013-01 0 0 1 2
207 201327099-01 0 0 1 2
208 201327174-01 0 0 1 2
209 201327069-01 0 0 1 2
210 201327065-01 0 0 2 2
211 201327245-01 0 0 1 2
212 201327138-01 0 0 2 2
213 201327186-01 0 0 1 2
214 201327115-01 0 0 2 2
215 201327206-01 0 0 1 2
216 201327097-01 0 0 2 2
217 201327062-01 0 0 2 2
218 201327256-01 0 0 2 2
219 201327261-01 0 0 1 -9
220 201327020-01 0 0 2 2
221 201327122-01 0 0 2 2
222 201327129-01 0 0 2 2
223 201326984-01 0 0 2 2
224 201327193-01 0 0 2 2
225 201327036-01 0 0 2 2
226 201327110-01 0 0 2 2
227 201327318-01 0 0 1 -9
228 201327152-01 0 0 2 2
229 201327330-01 0 0 1 2
230 201327048-01 0 0 2 2
231 201327178-01 0 0 2 2
232 201327094-01 0 0 2 2
233 201327074-01 0 0 2 2
234 201327183-01 0 0 2 2
235 201327014-01 0 0 2 2
236 201327109-01 0 0 1 2
237 201327059-01 0 0 1 2
238 201327050-01 0 0 1 2
239 200720068-582_pC 0 0 1 -9
240 201327172-01 0 0 1 2
241 201327149-01 0 0 1 2
242 201327140-01 0 0 2 2
243 201327143-01 0 0 1 2
244 201327232-01 0 0 2 2
245 201327019-01 0 0 2 2
246 201327047-01 0 0 1 2
247 201327173-01 0 0 2 2
248 201327046-01 0 0 2 2
249 201327051-01 0 0 2 2
250 201327132-01 0 0 1 2
251 201326968-01 0 0 2 2
252 201327060-01 0 0 2 2
253 201327146-01 0 0 2 2
254 201327185-01 0 0 1 2
255 201327163-01 0 0 1 2
256 201326997-01 0 0 2 2
257 201327325-01 0 0 1 -9
258 201327002-01 0 0 1 2
259 201327341-01 0 0 2 2
260 201327184-01 0 0 1 2
261 201327049-01 0 0 1 2
262 201327195-01 0 0 2 2
263 201327075-01 0 0 2 2
264 201327288-01 0 0 1 -9
265 201327345-01 0 0 2 2
266 201327108-01 0 0 2 2
267 201327114-01 0 0 1 2
268 201327070-01 0 0 2 2
269 201327117-01 0 0 1 2
270 201327063-01 0 0 2 2
271 201327126-01 0 0 2 2
272 201327090-01 0 0 1 2
273 201326977-01 0 0 1 2
274 201327078-01 0 0 2 2
275 201327142-01 0 0 2 2
276 201327148-01 0 0 2 2
277 201327212-01 0 0 2 2
278 201327039-01 0 0 2 2
279 201327242-01 0 0 2 2
280 201327007-01 0 0 2 2
281 201327144-01 0 0 2 2
282 201327308-01 0 0 1 2
283 201327340-01 0 0 2 2
284 201327296-01 0 0 1 -9
285 201327271-01 0 0 2 -9
286 201327273-01 0 0 2 -9
287 201327263-01 0 0 2 -9
288 201327287-01 0 0 1 2
289 201327324-01 0 0 2 -9
290 201327272-01 0 0 2 -9
291 201327335-01 0 0 2 -9
292 201327326-01 0 0 2 -9
293 201327295-01 0 0 2 2
294 201327305-01 0 0 2 -9
295 201327258-01 0 0 2 2
296 201327064-01 0 0 2 2
297 201327016-01 0 0 1 2
298 201327246-01 0 0 1 2
299 201327101-01 0 0 2 2
300 201327005-01 0 0 2 2
301 201327200-01 0 0 2 2
302 201327058-01 0 0 2 2
303 201327113-01 0 0 1 2
304 201327211-01 0 0 1 2
305 201327006-01 0 0 2 2
306 201327286-01 0 0 2 -9
307 201327312-01 0 0 1 -9
308 201327025-01 0 0 2 2
309 201327118-01 0 0 2 2
310 201327191-01 0 0 2 2
311 201327205-01 0 0 2 2
312 201326996-01 0 0 2 2
313 201326986-01 0 0 2 2
314 201327252-01 0 0 2 2
315 201327189-01 0 0 2 2
316 201327147-01 0 0 2 2
317 201327310-01 0 0 2 2
318 201327030-01 0 0 2 2
319 201327239-01 0 0 2 2
320 201326993-01 0 0 2 2
321 201327128-01 0 0 2 2
322 201327156-01 0 0 2 2
323 201327235-01 0 0 2 2
324 201327307-01 0 0 2 2
325 201327136-01 0 0 2 2
326 201327121-01 0 0 1 2
327 201326983-01 0 0 2 2
328 201327095-01 0 0 1 2
329 201327196-01 0 0 2 2
330 201327192-01 0 0 2 2
331 201326981-01 0 0 2 2
332 201326999-01 0 0 2 2
333 201327203-01 0 0 1 2
334 201327086-01 0 0 2 2
335 200720068-582_pD 0 0 1 -9
336 201327054-01 0 0 1 2
337 201327100-01 0 0 1 2
338 201327031-01 0 0 2 2
339 201326978-01 0 0 2 2
340 201326970-01 0 0 2 2
341 201327167-01 0 0 2 2
342 201327012-01 0 0 2 2
343 201327227-01 0 0 2 2
344 201327106-01 0 0 2 2
345 201326995-01 0 0 2 2
346 201327216-01 0 0 2 2
347 201327082-01 0 0 2 2
348 201327015-01 0 0 2 2
349 201327198-01 0 0 2 2
350 201327141-01 0 0 2 2
351 201327027-01 0 0 2 2
352 201327052-01 0 0 1 2
353 201327066-01 0 0 2 2
354 201327155-01 0 0 2 2
355 201327179-01 0 0 2 2
356 201326989-01 0 0 2 2
357 201327032-01 0 0 1 2
358 201327218-01 0 0 2 2
359 201326994-01 0 0 2 2
360 201327061-01 0 0 2 2
361 201327053-01 0 0 1 2
362 201327293-01 0 0 2 -9
363 201327176-01 0 0 2 2
364 201327181-01 0 0 2 2
365 201327243-01 0 0 2 2
366 201327145-01 0 0 2 2
367 201327230-01 0 0 1 2
368 201326988-01 0 0 2 2
369 201327194-01 0 0 1 2
370 201327250-01 0 0 2 2
371 201327111-01 0 0 2 2
372 201327240-01 0 0 2 2
373 201327010-01 0 0 2 2
374 201327249-01 0 0 2 2
